This is Open list:
<0 0 0 0 0 0 0 0 0 ; 0; There is no parent, 'tis orphan :,(>
<1 4 7 2 5 0 3 6 8 ; 9; 1 4 7 2 5 8 3 6 0 >

This is CLOSE list:
<0 0 0 0 0 0 0 0 0 ; 0; There is no parent, 'tis orphan :,(>

This is Open list:
<0 0 0 0 0 0 0 0 0 ; 0; There is no parent, 'tis orphan :,(>
<1 4 0 2 5 7 3 6 8 ; 8; 1 4 7 2 5 0 3 6 8 >
<1 4 7 2 0 5 3 6 8 ; 10; 1 4 7 2 5 0 3 6 8 >

This is CLOSE list:
<0 0 0 0 0 0 0 0 0 ; 0; There is no parent, 'tis orphan :,(>

This is Open list:
<0 0 0 0 0 0 0 0 0 ; 0; There is no parent, 'tis orphan :,(>
<1 0 4 2 5 7 3 6 8 ; 10; 1 4 0 2 5 7 3 6 8 >
<1 4 7 2 0 5 3 6 8 ; 10; 1 4 7 2 5 0 3 6 8 >

This is CLOSE list:
<0 0 0 0 0 0 0 0 0 ; 0; There is no parent, 'tis orphan :,(>
<1 4 0 2 5 7 3 6 8 ; 8; 1 4 7 2 5 0 3 6 8 >

This is Open list:
<0 0 0 0 0 0 0 0 0 ; 0; There is no parent, 'tis orphan :,(>
<1 4 7 2 0 5 3 6 8 ; 10; 1 4 7 2 5 0 3 6 8 >
<1 4 7 2 5 8 3 0 6 ; 10; 1 4 7 2 5 8 3 6 0 >
<0 1 4 2 5 7 3 6 8 ; 11; 1 0 4 2 5 7 3 6 8 >

This is CLOSE list:
<0 0 0 0 0 0 0 0 0 ; 0; There is no parent, 'tis orphan :,(>
<1 4 0 2 5 7 3 6 8 ; 8; 1 4 7 2 5 0 3 6 8 >
<1 4 7 2 5 0 3 6 8 ; 9; 1 4 7 2 5 8 3 6 0 >

This is Open list:
<0 0 0 0 0 0 0 0 0 ; 0; There is no parent, 'tis orphan :,(>
<1 0 7 2 4 5 3 6 8 ; 10; 1 4 7 2 0 5 3 6 8 >
<1 4 7 2 5 8 3 0 6 ; 10; 1 4 7 2 5 8 3 6 0 >
<1 4 7 0 2 5 3 6 8 ; 11; 1 4 7 2 0 5 3 6 8 >
<1 4 7 2 6 5 3 0 8 ; 11; 1 4 7 2 0 5 3 6 8 >
<0 1 4 2 5 7 3 6 8 ; 11; 1 0 4 2 5 7 3 6 8 >

This is CLOSE list:
<0 0 0 0 0 0 0 0 0 ; 0; There is no parent, 'tis orphan :,(>
<1 4 0 2 5 7 3 6 8 ; 8; 1 4 7 2 5 0 3 6 8 >
<1 4 7 2 5 0 3 6 8 ; 9; 1 4 7 2 5 8 3 6 0 >
<1 4 7 2 0 5 3 6 8 ; 10; 1 4 7 2 5 0 3 6 8 >

This is Open list:
<0 0 0 0 0 0 0 0 0 ; 0; There is no parent, 'tis orphan :,(>
<1 7 0 2 4 5 3 6 8 ; 10; 1 0 7 2 4 5 3 6 8 >
<1 4 7 2 5 8 3 0 6 ; 10; 1 4 7 2 5 8 3 6 0 >
<0 1 7 2 4 5 3 6 8 ; 11; 1 0 7 2 4 5 3 6 8 >
<1 4 7 0 2 5 3 6 8 ; 11; 1 4 7 2 0 5 3 6 8 >
<1 4 7 2 6 5 3 0 8 ; 11; 1 4 7 2 0 5 3 6 8 >
<0 1 4 2 5 7 3 6 8 ; 11; 1 0 4 2 5 7 3 6 8 >

This is CLOSE list:
<0 0 0 0 0 0 0 0 0 ; 0; There is no parent, 'tis orphan :,(>
<1 4 0 2 5 7 3 6 8 ; 8; 1 4 7 2 5 0 3 6 8 >
<1 4 7 2 5 0 3 6 8 ; 9; 1 4 7 2 5 8 3 6 0 >
<1 0 7 2 4 5 3 6 8 ; 10; 1 4 7 2 0 5 3 6 8 >
<1 4 7 2 0 5 3 6 8 ; 10; 1 4 7 2 5 0 3 6 8 >

This is Open list:
<0 0 0 0 0 0 0 0 0 ; 0; There is no parent, 'tis orphan :,(>
<1 4 7 2 5 8 3 0 6 ; 10; 1 4 7 2 5 8 3 6 0 >
<0 1 7 2 4 5 3 6 8 ; 11; 1 0 7 2 4 5 3 6 8 >
<1 4 7 0 2 5 3 6 8 ; 11; 1 4 7 2 0 5 3 6 8 >
<1 4 7 2 6 5 3 0 8 ; 11; 1 4 7 2 0 5 3 6 8 >
<0 1 4 2 5 7 3 6 8 ; 11; 1 0 4 2 5 7 3 6 8 >
<1 5 4 2 0 7 3 6 8 ; 11; 1 0 4 2 5 7 3 6 8 >

This is CLOSE list:
<0 0 0 0 0 0 0 0 0 ; 0; There is no parent, 'tis orphan :,(>
<1 4 0 2 5 7 3 6 8 ; 8; 1 4 7 2 5 0 3 6 8 >
<1 4 7 2 5 0 3 6 8 ; 9; 1 4 7 2 5 8 3 6 0 >
<1 7 0 2 4 5 3 6 8 ; 10; 1 0 7 2 4 5 3 6 8 >
<1 0 7 2 4 5 3 6 8 ; 10; 1 4 7 2 0 5 3 6 8 >
<1 4 7 2 0 5 3 6 8 ; 10; 1 4 7 2 5 0 3 6 8 >

This is Open list:
<0 0 0 0 0 0 0 0 0 ; 0; There is no parent, 'tis orphan :,(>
<1 4 7 2 0 8 3 5 6 ; 10; 1 4 7 2 5 8 3 0 6 >
<1 4 7 2 5 8 0 3 6 ; 11; 1 4 7 2 5 8 3 0 6 >
<0 1 7 2 4 5 3 6 8 ; 11; 1 0 7 2 4 5 3 6 8 >
<1 4 7 0 2 5 3 6 8 ; 11; 1 4 7 2 0 5 3 6 8 >
<1 4 7 2 6 5 3 0 8 ; 11; 1 4 7 2 0 5 3 6 8 >
<0 1 4 2 5 7 3 6 8 ; 11; 1 0 4 2 5 7 3 6 8 >
<1 5 4 2 0 7 3 6 8 ; 11; 1 0 4 2 5 7 3 6 8 >

This is CLOSE list:
<0 0 0 0 0 0 0 0 0 ; 0; There is no parent, 'tis orphan :,(>
<1 4 0 2 5 7 3 6 8 ; 8; 1 4 7 2 5 0 3 6 8 >
<1 4 7 2 5 0 3 6 8 ; 9; 1 4 7 2 5 8 3 6 0 >
<1 4 7 2 5 8 3 0 6 ; 10; 1 4 7 2 5 8 3 6 0 >
<1 7 0 2 4 5 3 6 8 ; 10; 1 0 7 2 4 5 3 6 8 >
<1 0 7 2 4 5 3 6 8 ; 10; 1 4 7 2 0 5 3 6 8 >
<1 4 7 2 0 5 3 6 8 ; 10; 1 4 7 2 5 0 3 6 8 >

This is Open list:
<0 0 0 0 0 0 0 0 0 ; 0; There is no parent, 'tis orphan :,(>
<1 0 7 2 4 8 3 5 6 ; 10; 1 4 7 2 0 8 3 5 6 >
<1 4 7 0 2 8 3 5 6 ; 11; 1 4 7 2 0 8 3 5 6 >
<1 4 7 2 8 0 3 5 6 ; 11; 1 4 7 2 0 8 3 5 6 >
<1 4 7 2 5 8 0 3 6 ; 11; 1 4 7 2 5 8 3 0 6 >
<0 1 7 2 4 5 3 6 8 ; 11; 1 0 7 2 4 5 3 6 8 >
<1 4 7 0 2 5 3 6 8 ; 11; 1 4 7 2 0 5 3 6 8 >
<1 4 7 2 6 5 3 0 8 ; 11; 1 4 7 2 0 5 3 6 8 >
<0 1 4 2 5 7 3 6 8 ; 11; 1 0 4 2 5 7 3 6 8 >
<1 5 4 2 0 7 3 6 8 ; 11; 1 0 4 2 5 7 3 6 8 >

This is CLOSE list:
<0 0 0 0 0 0 0 0 0 ; 0; There is no parent, 'tis orphan :,(>
<1 4 0 2 5 7 3 6 8 ; 8; 1 4 7 2 5 0 3 6 8 >
<1 4 7 2 5 0 3 6 8 ; 9; 1 4 7 2 5 8 3 6 0 >
<1 4 7 2 0 8 3 5 6 ; 10; 1 4 7 2 5 8 3 0 6 >
<1 4 7 2 5 8 3 0 6 ; 10; 1 4 7 2 5 8 3 6 0 >
<1 7 0 2 4 5 3 6 8 ; 10; 1 0 7 2 4 5 3 6 8 >
<1 0 7 2 4 5 3 6 8 ; 10; 1 4 7 2 0 5 3 6 8 >
<1 4 7 2 0 5 3 6 8 ; 10; 1 4 7 2 5 0 3 6 8 >

This is Open list:
<0 0 0 0 0 0 0 0 0 ; 0; There is no parent, 'tis orphan :,(>
<1 7 0 2 4 8 3 5 6 ; 10; 1 0 7 2 4 8 3 5 6 >
<0 1 7 2 4 8 3 5 6 ; 11; 1 0 7 2 4 8 3 5 6 >
<1 4 7 0 2 8 3 5 6 ; 11; 1 4 7 2 0 8 3 5 6 >
<1 4 7 2 8 0 3 5 6 ; 11; 1 4 7 2 0 8 3 5 6 >
<1 4 7 2 5 8 0 3 6 ; 11; 1 4 7 2 5 8 3 0 6 >
<0 1 7 2 4 5 3 6 8 ; 11; 1 0 7 2 4 5 3 6 8 >
<1 4 7 0 2 5 3 6 8 ; 11; 1 4 7 2 0 5 3 6 8 >
<1 4 7 2 6 5 3 0 8 ; 11; 1 4 7 2 0 5 3 6 8 >
<0 1 4 2 5 7 3 6 8 ; 11; 1 0 4 2 5 7 3 6 8 >
<1 5 4 2 0 7 3 6 8 ; 11; 1 0 4 2 5 7 3 6 8 >

This is CLOSE list:
<0 0 0 0 0 0 0 0 0 ; 0; There is no parent, 'tis orphan :,(>
<1 4 0 2 5 7 3 6 8 ; 8; 1 4 7 2 5 0 3 6 8 >
<1 4 7 2 5 0 3 6 8 ; 9; 1 4 7 2 5 8 3 6 0 >
<1 0 7 2 4 8 3 5 6 ; 10; 1 4 7 2 0 8 3 5 6 >
<1 4 7 2 0 8 3 5 6 ; 10; 1 4 7 2 5 8 3 0 6 >
<1 4 7 2 5 8 3 0 6 ; 10; 1 4 7 2 5 8 3 6 0 >
<1 7 0 2 4 5 3 6 8 ; 10; 1 0 7 2 4 5 3 6 8 >
<1 0 7 2 4 5 3 6 8 ; 10; 1 4 7 2 0 5 3 6 8 >
<1 4 7 2 0 5 3 6 8 ; 10; 1 4 7 2 5 0 3 6 8 >

This is Open list:
<0 0 0 0 0 0 0 0 0 ; 0; There is no parent, 'tis orphan :,(>
<0 1 7 2 4 8 3 5 6 ; 11; 1 0 7 2 4 8 3 5 6 >
<1 4 7 0 2 8 3 5 6 ; 11; 1 4 7 2 0 8 3 5 6 >
<1 4 7 2 8 0 3 5 6 ; 11; 1 4 7 2 0 8 3 5 6 >
<1 4 7 2 5 8 0 3 6 ; 11; 1 4 7 2 5 8 3 0 6 >
<0 1 7 2 4 5 3 6 8 ; 11; 1 0 7 2 4 5 3 6 8 >
<1 4 7 0 2 5 3 6 8 ; 11; 1 4 7 2 0 5 3 6 8 >
<1 4 7 2 6 5 3 0 8 ; 11; 1 4 7 2 0 5 3 6 8 >
<0 1 4 2 5 7 3 6 8 ; 11; 1 0 4 2 5 7 3 6 8 >
<1 5 4 2 0 7 3 6 8 ; 11; 1 0 4 2 5 7 3 6 8 >
<1 7 8 2 4 0 3 5 6 ; 12; 1 7 0 2 4 8 3 5 6 >

This is CLOSE list:
<0 0 0 0 0 0 0 0 0 ; 0; There is no parent, 'tis orphan :,(>
<1 4 0 2 5 7 3 6 8 ; 8; 1 4 7 2 5 0 3 6 8 >
<1 4 7 2 5 0 3 6 8 ; 9; 1 4 7 2 5 8 3 6 0 >
<1 7 0 2 4 8 3 5 6 ; 10; 1 0 7 2 4 8 3 5 6 >
<1 0 7 2 4 8 3 5 6 ; 10; 1 4 7 2 0 8 3 5 6 >
<1 4 7 2 0 8 3 5 6 ; 10; 1 4 7 2 5 8 3 0 6 >
<1 4 7 2 5 8 3 0 6 ; 10; 1 4 7 2 5 8 3 6 0 >
<1 7 0 2 4 5 3 6 8 ; 10; 1 0 7 2 4 5 3 6 8 >
<1 0 7 2 4 5 3 6 8 ; 10; 1 4 7 2 0 5 3 6 8 >
<1 4 7 2 0 5 3 6 8 ; 10; 1 4 7 2 5 0 3 6 8 >

This is Open list:
<0 0 0 0 0 0 0 0 0 ; 0; There is no parent, 'tis orphan :,(>
<1 4 7 0 2 8 3 5 6 ; 11; 1 4 7 2 0 8 3 5 6 >
<1 4 7 2 8 0 3 5 6 ; 11; 1 4 7 2 0 8 3 5 6 >
<1 4 7 2 5 8 0 3 6 ; 11; 1 4 7 2 5 8 3 0 6 >
<0 1 7 2 4 5 3 6 8 ; 11; 1 0 7 2 4 5 3 6 8 >
<1 4 7 0 2 5 3 6 8 ; 11; 1 4 7 2 0 5 3 6 8 >
<1 4 7 2 6 5 3 0 8 ; 11; 1 4 7 2 0 5 3 6 8 >
<0 1 4 2 5 7 3 6 8 ; 11; 1 0 4 2 5 7 3 6 8 >
<1 5 4 2 0 7 3 6 8 ; 11; 1 0 4 2 5 7 3 6 8 >
<2 1 7 0 4 8 3 5 6 ; 12; 0 1 7 2 4 8 3 5 6 >
<1 7 8 2 4 0 3 5 6 ; 12; 1 7 0 2 4 8 3 5 6 >

This is CLOSE list:
<0 0 0 0 0 0 0 0 0 ; 0; There is no parent, 'tis orphan :,(>
<1 4 0 2 5 7 3 6 8 ; 8; 1 4 7 2 5 0 3 6 8 >
<1 4 7 2 5 0 3 6 8 ; 9; 1 4 7 2 5 8 3 6 0 >
<1 7 0 2 4 8 3 5 6 ; 10; 1 0 7 2 4 8 3 5 6 >
<1 0 7 2 4 8 3 5 6 ; 10; 1 4 7 2 0 8 3 5 6 >
<1 4 7 2 0 8 3 5 6 ; 10; 1 4 7 2 5 8 3 0 6 >
<1 4 7 2 5 8 3 0 6 ; 10; 1 4 7 2 5 8 3 6 0 >
<1 7 0 2 4 5 3 6 8 ; 10; 1 0 7 2 4 5 3 6 8 >
<1 0 7 2 4 5 3 6 8 ; 10; 1 4 7 2 0 5 3 6 8 >
<1 4 7 2 0 5 3 6 8 ; 10; 1 4 7 2 5 0 3 6 8 >
<1 0 4 2 5 7 3 6 8 ; 10; 1 4 0 2 5 7 3 6 8 >

This is Open list:
<0 0 0 0 0 0 0 0 0 ; 0; There is no parent, 'tis orphan :,(>
<0 4 7 1 2 8 3 5 6 ; 11; 1 4 7 0 2 8 3 5 6 >
<1 4 7 2 8 0 3 5 6 ; 11; 1 4 7 2 0 8 3 5 6 >
<1 4 7 2 5 8 0 3 6 ; 11; 1 4 7 2 5 8 3 0 6 >
<0 1 7 2 4 5 3 6 8 ; 11; 1 0 7 2 4 5 3 6 8 >
<1 4 7 0 2 5 3 6 8 ; 11; 1 4 7 2 0 5 3 6 8 >
<1 4 7 2 6 5 3 0 8 ; 11; 1 4 7 2 0 5 3 6 8 >
<0 1 4 2 5 7 3 6 8 ; 11; 1 0 4 2 5 7 3 6 8 >
<1 5 4 2 0 7 3 6 8 ; 11; 1 0 4 2 5 7 3 6 8 >
<1 4 7 3 2 8 0 5 6 ; 12; 1 4 7 0 2 8 3 5 6 >
<2 1 7 0 4 8 3 5 6 ; 12; 0 1 7 2 4 8 3 5 6 >
<1 7 8 2 4 0 3 5 6 ; 12; 1 7 0 2 4 8 3 5 6 >

This is CLOSE list:
<0 0 0 0 0 0 0 0 0 ; 0; There is no parent, 'tis orphan :,(>
<1 4 0 2 5 7 3 6 8 ; 8; 1 4 7 2 5 0 3 6 8 >
<1 4 7 2 5 0 3 6 8 ; 9; 1 4 7 2 5 8 3 6 0 >
<1 7 0 2 4 8 3 5 6 ; 10; 1 0 7 2 4 8 3 5 6 >
<1 0 7 2 4 8 3 5 6 ; 10; 1 4 7 2 0 8 3 5 6 >
<1 4 7 2 0 8 3 5 6 ; 10; 1 4 7 2 5 8 3 0 6 >
<1 4 7 2 5 8 3 0 6 ; 10; 1 4 7 2 5 8 3 6 0 >
<1 7 0 2 4 5 3 6 8 ; 10; 1 0 7 2 4 5 3 6 8 >
<1 0 7 2 4 5 3 6 8 ; 10; 1 4 7 2 0 5 3 6 8 >
<1 4 7 2 0 5 3 6 8 ; 10; 1 4 7 2 5 0 3 6 8 >
<1 0 4 2 5 7 3 6 8 ; 10; 1 4 0 2 5 7 3 6 8 >
<1 4 7 0 2 8 3 5 6 ; 11; 1 4 7 2 0 8 3 5 6 >

This is Open list:
<0 0 0 0 0 0 0 0 0 ; 0; There is no parent, 'tis orphan :,(>
<1 4 7 2 8 0 3 5 6 ; 11; 1 4 7 2 0 8 3 5 6 >
<1 4 7 2 5 8 0 3 6 ; 11; 1 4 7 2 5 8 3 0 6 >
<0 1 7 2 4 5 3 6 8 ; 11; 1 0 7 2 4 5 3 6 8 >
<1 4 7 0 2 5 3 6 8 ; 11; 1 4 7 2 0 5 3 6 8 >
<1 4 7 2 6 5 3 0 8 ; 11; 1 4 7 2 0 5 3 6 8 >
<0 1 4 2 5 7 3 6 8 ; 11; 1 0 4 2 5 7 3 6 8 >
<1 5 4 2 0 7 3 6 8 ; 11; 1 0 4 2 5 7 3 6 8 >
<4 0 7 1 2 8 3 5 6 ; 12; 0 4 7 1 2 8 3 5 6 >
<1 4 7 3 2 8 0 5 6 ; 12; 1 4 7 0 2 8 3 5 6 >
<2 1 7 0 4 8 3 5 6 ; 12; 0 1 7 2 4 8 3 5 6 >
<1 7 8 2 4 0 3 5 6 ; 12; 1 7 0 2 4 8 3 5 6 >

This is CLOSE list:
<0 0 0 0 0 0 0 0 0 ; 0; There is no parent, 'tis orphan :,(>
<1 4 0 2 5 7 3 6 8 ; 8; 1 4 7 2 5 0 3 6 8 >
<1 4 7 2 5 0 3 6 8 ; 9; 1 4 7 2 5 8 3 6 0 >
<1 7 0 2 4 8 3 5 6 ; 10; 1 0 7 2 4 8 3 5 6 >
<1 0 7 2 4 8 3 5 6 ; 10; 1 4 7 2 0 8 3 5 6 >
<1 4 7 2 0 8 3 5 6 ; 10; 1 4 7 2 5 8 3 0 6 >
<1 4 7 2 5 8 3 0 6 ; 10; 1 4 7 2 5 8 3 6 0 >
<1 7 0 2 4 5 3 6 8 ; 10; 1 0 7 2 4 5 3 6 8 >
<1 0 7 2 4 5 3 6 8 ; 10; 1 4 7 2 0 5 3 6 8 >
<1 4 7 2 0 5 3 6 8 ; 10; 1 4 7 2 5 0 3 6 8 >
<1 0 4 2 5 7 3 6 8 ; 10; 1 4 0 2 5 7 3 6 8 >
<0 4 7 1 2 8 3 5 6 ; 11; 1 4 7 0 2 8 3 5 6 >
<1 4 7 0 2 8 3 5 6 ; 11; 1 4 7 2 0 8 3 5 6 >

This is Open list:
<0 0 0 0 0 0 0 0 0 ; 0; There is no parent, 'tis orphan :,(>
<1 4 0 2 8 7 3 5 6 ; 10; 1 4 7 2 8 0 3 5 6 >
<1 4 7 2 5 8 0 3 6 ; 11; 1 4 7 2 5 8 3 0 6 >
<0 1 7 2 4 5 3 6 8 ; 11; 1 0 7 2 4 5 3 6 8 >
<1 4 7 0 2 5 3 6 8 ; 11; 1 4 7 2 0 5 3 6 8 >
<1 4 7 2 6 5 3 0 8 ; 11; 1 4 7 2 0 5 3 6 8 >
<0 1 4 2 5 7 3 6 8 ; 11; 1 0 4 2 5 7 3 6 8 >
<1 5 4 2 0 7 3 6 8 ; 11; 1 0 4 2 5 7 3 6 8 >
<1 4 7 2 8 6 3 5 0 ; 12; 1 4 7 2 8 0 3 5 6 >
<4 0 7 1 2 8 3 5 6 ; 12; 0 4 7 1 2 8 3 5 6 >
<1 4 7 3 2 8 0 5 6 ; 12; 1 4 7 0 2 8 3 5 6 >
<2 1 7 0 4 8 3 5 6 ; 12; 0 1 7 2 4 8 3 5 6 >
<1 7 8 2 4 0 3 5 6 ; 12; 1 7 0 2 4 8 3 5 6 >

This is CLOSE list:
<0 0 0 0 0 0 0 0 0 ; 0; There is no parent, 'tis orphan :,(>
<1 4 0 2 5 7 3 6 8 ; 8; 1 4 7 2 5 0 3 6 8 >
<1 4 7 2 5 0 3 6 8 ; 9; 1 4 7 2 5 8 3 6 0 >
<1 7 0 2 4 8 3 5 6 ; 10; 1 0 7 2 4 8 3 5 6 >
<1 0 7 2 4 8 3 5 6 ; 10; 1 4 7 2 0 8 3 5 6 >
<1 4 7 2 0 8 3 5 6 ; 10; 1 4 7 2 5 8 3 0 6 >
<1 4 7 2 5 8 3 0 6 ; 10; 1 4 7 2 5 8 3 6 0 >
<1 7 0 2 4 5 3 6 8 ; 10; 1 0 7 2 4 5 3 6 8 >
<1 0 7 2 4 5 3 6 8 ; 10; 1 4 7 2 0 5 3 6 8 >
<1 4 7 2 0 5 3 6 8 ; 10; 1 4 7 2 5 0 3 6 8 >
<1 0 4 2 5 7 3 6 8 ; 10; 1 4 0 2 5 7 3 6 8 >
<1 4 7 2 8 0 3 5 6 ; 11; 1 4 7 2 0 8 3 5 6 >
<1 4 7 0 2 8 3 5 6 ; 11; 1 4 7 2 0 8 3 5 6 >

This is Open list:
<0 0 0 0 0 0 0 0 0 ; 0; There is no parent, 'tis orphan :,(>
<1 4 7 2 5 8 0 3 6 ; 11; 1 4 7 2 5 8 3 0 6 >
<0 1 7 2 4 5 3 6 8 ; 11; 1 0 7 2 4 5 3 6 8 >
<1 4 7 0 2 5 3 6 8 ; 11; 1 4 7 2 0 5 3 6 8 >
<1 4 7 2 6 5 3 0 8 ; 11; 1 4 7 2 0 5 3 6 8 >
<0 1 4 2 5 7 3 6 8 ; 11; 1 0 4 2 5 7 3 6 8 >
<1 5 4 2 0 7 3 6 8 ; 11; 1 0 4 2 5 7 3 6 8 >
<1 0 4 2 8 7 3 5 6 ; 12; 1 4 0 2 8 7 3 5 6 >
<1 4 7 2 8 6 3 5 0 ; 12; 1 4 7 2 8 0 3 5 6 >
<4 0 7 1 2 8 3 5 6 ; 12; 0 4 7 1 2 8 3 5 6 >
<1 4 7 3 2 8 0 5 6 ; 12; 1 4 7 0 2 8 3 5 6 >
<2 1 7 0 4 8 3 5 6 ; 12; 0 1 7 2 4 8 3 5 6 >
<1 7 8 2 4 0 3 5 6 ; 12; 1 7 0 2 4 8 3 5 6 >

This is CLOSE list:
<0 0 0 0 0 0 0 0 0 ; 0; There is no parent, 'tis orphan :,(>
<1 4 0 2 5 7 3 6 8 ; 8; 1 4 7 2 5 0 3 6 8 >
<1 4 7 2 5 0 3 6 8 ; 9; 1 4 7 2 5 8 3 6 0 >
<1 4 0 2 8 7 3 5 6 ; 10; 1 4 7 2 8 0 3 5 6 >
<1 7 0 2 4 8 3 5 6 ; 10; 1 0 7 2 4 8 3 5 6 >
<1 0 7 2 4 8 3 5 6 ; 10; 1 4 7 2 0 8 3 5 6 >
<1 4 7 2 0 8 3 5 6 ; 10; 1 4 7 2 5 8 3 0 6 >
<1 4 7 2 5 8 3 0 6 ; 10; 1 4 7 2 5 8 3 6 0 >
<1 7 0 2 4 5 3 6 8 ; 10; 1 0 7 2 4 5 3 6 8 >
<1 0 7 2 4 5 3 6 8 ; 10; 1 4 7 2 0 5 3 6 8 >
<1 4 7 2 0 5 3 6 8 ; 10; 1 4 7 2 5 0 3 6 8 >
<1 0 4 2 5 7 3 6 8 ; 10; 1 4 0 2 5 7 3 6 8 >
<1 4 7 2 8 0 3 5 6 ; 11; 1 4 7 2 0 8 3 5 6 >
<1 4 7 0 2 8 3 5 6 ; 11; 1 4 7 2 0 8 3 5 6 >

This is Open list:
<0 0 0 0 0 0 0 0 0 ; 0; There is no parent, 'tis orphan :,(>
<1 4 7 0 5 8 2 3 6 ; 11; 1 4 7 2 5 8 0 3 6 >
<0 1 7 2 4 5 3 6 8 ; 11; 1 0 7 2 4 5 3 6 8 >
<1 4 7 0 2 5 3 6 8 ; 11; 1 4 7 2 0 5 3 6 8 >
<1 4 7 2 6 5 3 0 8 ; 11; 1 4 7 2 0 5 3 6 8 >
<0 1 4 2 5 7 3 6 8 ; 11; 1 0 4 2 5 7 3 6 8 >
<1 5 4 2 0 7 3 6 8 ; 11; 1 0 4 2 5 7 3 6 8 >
<1 0 4 2 8 7 3 5 6 ; 12; 1 4 0 2 8 7 3 5 6 >
<1 4 7 2 8 6 3 5 0 ; 12; 1 4 7 2 8 0 3 5 6 >
<4 0 7 1 2 8 3 5 6 ; 12; 0 4 7 1 2 8 3 5 6 >
<1 4 7 3 2 8 0 5 6 ; 12; 1 4 7 0 2 8 3 5 6 >
<2 1 7 0 4 8 3 5 6 ; 12; 0 1 7 2 4 8 3 5 6 >
<1 7 8 2 4 0 3 5 6 ; 12; 1 7 0 2 4 8 3 5 6 >

This is CLOSE list:
<0 0 0 0 0 0 0 0 0 ; 0; There is no parent, 'tis orphan :,(>
<1 4 0 2 5 7 3 6 8 ; 8; 1 4 7 2 5 0 3 6 8 >
<1 4 7 2 5 0 3 6 8 ; 9; 1 4 7 2 5 8 3 6 0 >
<1 4 0 2 8 7 3 5 6 ; 10; 1 4 7 2 8 0 3 5 6 >
<1 7 0 2 4 8 3 5 6 ; 10; 1 0 7 2 4 8 3 5 6 >
<1 0 7 2 4 8 3 5 6 ; 10; 1 4 7 2 0 8 3 5 6 >
<1 4 7 2 0 8 3 5 6 ; 10; 1 4 7 2 5 8 3 0 6 >
<1 4 7 2 5 8 3 0 6 ; 10; 1 4 7 2 5 8 3 6 0 >
<1 7 0 2 4 5 3 6 8 ; 10; 1 0 7 2 4 5 3 6 8 >
<1 0 7 2 4 5 3 6 8 ; 10; 1 4 7 2 0 5 3 6 8 >
<1 4 7 2 0 5 3 6 8 ; 10; 1 4 7 2 5 0 3 6 8 >
<1 0 4 2 5 7 3 6 8 ; 10; 1 4 0 2 5 7 3 6 8 >
<1 4 7 2 5 8 0 3 6 ; 11; 1 4 7 2 5 8 3 0 6 >
<1 4 7 2 8 0 3 5 6 ; 11; 1 4 7 2 0 8 3 5 6 >
<1 4 7 0 2 8 3 5 6 ; 11; 1 4 7 2 0 8 3 5 6 >

This is Open list:
<0 0 0 0 0 0 0 0 0 ; 0; There is no parent, 'tis orphan :,(>
<0 4 7 1 5 8 2 3 6 ; 11; 1 4 7 0 5 8 2 3 6 >
<0 1 7 2 4 5 3 6 8 ; 11; 1 0 7 2 4 5 3 6 8 >
<1 4 7 0 2 5 3 6 8 ; 11; 1 4 7 2 0 5 3 6 8 >
<1 4 7 2 6 5 3 0 8 ; 11; 1 4 7 2 0 5 3 6 8 >
<0 1 4 2 5 7 3 6 8 ; 11; 1 0 4 2 5 7 3 6 8 >
<1 5 4 2 0 7 3 6 8 ; 11; 1 0 4 2 5 7 3 6 8 >
<1 4 7 5 0 8 2 3 6 ; 12; 1 4 7 0 5 8 2 3 6 >
<1 0 4 2 8 7 3 5 6 ; 12; 1 4 0 2 8 7 3 5 6 >
<1 4 7 2 8 6 3 5 0 ; 12; 1 4 7 2 8 0 3 5 6 >
<4 0 7 1 2 8 3 5 6 ; 12; 0 4 7 1 2 8 3 5 6 >
<1 4 7 3 2 8 0 5 6 ; 12; 1 4 7 0 2 8 3 5 6 >
<2 1 7 0 4 8 3 5 6 ; 12; 0 1 7 2 4 8 3 5 6 >
<1 7 8 2 4 0 3 5 6 ; 12; 1 7 0 2 4 8 3 5 6 >

This is CLOSE list:
<0 0 0 0 0 0 0 0 0 ; 0; There is no parent, 'tis orphan :,(>
<1 4 0 2 5 7 3 6 8 ; 8; 1 4 7 2 5 0 3 6 8 >
<1 4 7 2 5 0 3 6 8 ; 9; 1 4 7 2 5 8 3 6 0 >
<1 4 0 2 8 7 3 5 6 ; 10; 1 4 7 2 8 0 3 5 6 >
<1 7 0 2 4 8 3 5 6 ; 10; 1 0 7 2 4 8 3 5 6 >
<1 0 7 2 4 8 3 5 6 ; 10; 1 4 7 2 0 8 3 5 6 >
<1 4 7 2 0 8 3 5 6 ; 10; 1 4 7 2 5 8 3 0 6 >
<1 4 7 2 5 8 3 0 6 ; 10; 1 4 7 2 5 8 3 6 0 >
<1 7 0 2 4 5 3 6 8 ; 10; 1 0 7 2 4 5 3 6 8 >
<1 0 7 2 4 5 3 6 8 ; 10; 1 4 7 2 0 5 3 6 8 >
<1 4 7 2 0 5 3 6 8 ; 10; 1 4 7 2 5 0 3 6 8 >
<1 0 4 2 5 7 3 6 8 ; 10; 1 4 0 2 5 7 3 6 8 >
<1 4 7 0 5 8 2 3 6 ; 11; 1 4 7 2 5 8 0 3 6 >
<1 4 7 2 5 8 0 3 6 ; 11; 1 4 7 2 5 8 3 0 6 >
<1 4 7 2 8 0 3 5 6 ; 11; 1 4 7 2 0 8 3 5 6 >
<1 4 7 0 2 8 3 5 6 ; 11; 1 4 7 2 0 8 3 5 6 >

This is Open list:
<0 0 0 0 0 0 0 0 0 ; 0; There is no parent, 'tis orphan :,(>
<0 1 7 2 4 5 3 6 8 ; 11; 1 0 7 2 4 5 3 6 8 >
<1 4 7 0 2 5 3 6 8 ; 11; 1 4 7 2 0 5 3 6 8 >
<1 4 7 2 6 5 3 0 8 ; 11; 1 4 7 2 0 5 3 6 8 >
<0 1 4 2 5 7 3 6 8 ; 11; 1 0 4 2 5 7 3 6 8 >
<1 5 4 2 0 7 3 6 8 ; 11; 1 0 4 2 5 7 3 6 8 >
<4 0 7 1 5 8 2 3 6 ; 12; 0 4 7 1 5 8 2 3 6 >
<1 4 7 5 0 8 2 3 6 ; 12; 1 4 7 0 5 8 2 3 6 >
<1 0 4 2 8 7 3 5 6 ; 12; 1 4 0 2 8 7 3 5 6 >
<1 4 7 2 8 6 3 5 0 ; 12; 1 4 7 2 8 0 3 5 6 >
<4 0 7 1 2 8 3 5 6 ; 12; 0 4 7 1 2 8 3 5 6 >
<1 4 7 3 2 8 0 5 6 ; 12; 1 4 7 0 2 8 3 5 6 >
<2 1 7 0 4 8 3 5 6 ; 12; 0 1 7 2 4 8 3 5 6 >
<1 7 8 2 4 0 3 5 6 ; 12; 1 7 0 2 4 8 3 5 6 >

This is CLOSE list:
<0 0 0 0 0 0 0 0 0 ; 0; There is no parent, 'tis orphan :,(>
<1 4 0 2 5 7 3 6 8 ; 8; 1 4 7 2 5 0 3 6 8 >
<1 4 7 2 5 0 3 6 8 ; 9; 1 4 7 2 5 8 3 6 0 >
<1 4 0 2 8 7 3 5 6 ; 10; 1 4 7 2 8 0 3 5 6 >
<1 7 0 2 4 8 3 5 6 ; 10; 1 0 7 2 4 8 3 5 6 >
<1 0 7 2 4 8 3 5 6 ; 10; 1 4 7 2 0 8 3 5 6 >
<1 4 7 2 0 8 3 5 6 ; 10; 1 4 7 2 5 8 3 0 6 >
<1 4 7 2 5 8 3 0 6 ; 10; 1 4 7 2 5 8 3 6 0 >
<1 7 0 2 4 5 3 6 8 ; 10; 1 0 7 2 4 5 3 6 8 >
<1 0 7 2 4 5 3 6 8 ; 10; 1 4 7 2 0 5 3 6 8 >
<1 4 7 2 0 5 3 6 8 ; 10; 1 4 7 2 5 0 3 6 8 >
<1 0 4 2 5 7 3 6 8 ; 10; 1 4 0 2 5 7 3 6 8 >
<0 4 7 1 5 8 2 3 6 ; 11; 1 4 7 0 5 8 2 3 6 >
<1 4 7 0 5 8 2 3 6 ; 11; 1 4 7 2 5 8 0 3 6 >
<1 4 7 2 5 8 0 3 6 ; 11; 1 4 7 2 5 8 3 0 6 >
<1 4 7 2 8 0 3 5 6 ; 11; 1 4 7 2 0 8 3 5 6 >
<1 4 7 0 2 8 3 5 6 ; 11; 1 4 7 2 0 8 3 5 6 >

This is Open list:
<0 0 0 0 0 0 0 0 0 ; 0; There is no parent, 'tis orphan :,(>
<1 4 7 0 2 5 3 6 8 ; 11; 1 4 7 2 0 5 3 6 8 >
<1 4 7 2 6 5 3 0 8 ; 11; 1 4 7 2 0 5 3 6 8 >
<0 1 4 2 5 7 3 6 8 ; 11; 1 0 4 2 5 7 3 6 8 >
<1 5 4 2 0 7 3 6 8 ; 11; 1 0 4 2 5 7 3 6 8 >
<2 1 7 0 4 5 3 6 8 ; 12; 0 1 7 2 4 5 3 6 8 >
<4 0 7 1 5 8 2 3 6 ; 12; 0 4 7 1 5 8 2 3 6 >
<1 4 7 5 0 8 2 3 6 ; 12; 1 4 7 0 5 8 2 3 6 >
<1 0 4 2 8 7 3 5 6 ; 12; 1 4 0 2 8 7 3 5 6 >
<1 4 7 2 8 6 3 5 0 ; 12; 1 4 7 2 8 0 3 5 6 >
<4 0 7 1 2 8 3 5 6 ; 12; 0 4 7 1 2 8 3 5 6 >
<1 4 7 3 2 8 0 5 6 ; 12; 1 4 7 0 2 8 3 5 6 >
<2 1 7 0 4 8 3 5 6 ; 12; 0 1 7 2 4 8 3 5 6 >
<1 7 8 2 4 0 3 5 6 ; 12; 1 7 0 2 4 8 3 5 6 >

This is CLOSE list:
<0 0 0 0 0 0 0 0 0 ; 0; There is no parent, 'tis orphan :,(>
<1 4 0 2 5 7 3 6 8 ; 8; 1 4 7 2 5 0 3 6 8 >
<1 4 7 2 5 0 3 6 8 ; 9; 1 4 7 2 5 8 3 6 0 >
<1 4 0 2 8 7 3 5 6 ; 10; 1 4 7 2 8 0 3 5 6 >
<1 7 0 2 4 8 3 5 6 ; 10; 1 0 7 2 4 8 3 5 6 >
<1 0 7 2 4 8 3 5 6 ; 10; 1 4 7 2 0 8 3 5 6 >
<1 4 7 2 0 8 3 5 6 ; 10; 1 4 7 2 5 8 3 0 6 >
<1 4 7 2 5 8 3 0 6 ; 10; 1 4 7 2 5 8 3 6 0 >
<1 7 0 2 4 5 3 6 8 ; 10; 1 0 7 2 4 5 3 6 8 >
<1 0 7 2 4 5 3 6 8 ; 10; 1 4 7 2 0 5 3 6 8 >
<1 4 7 2 0 5 3 6 8 ; 10; 1 4 7 2 5 0 3 6 8 >
<1 0 4 2 5 7 3 6 8 ; 10; 1 4 0 2 5 7 3 6 8 >
<0 1 7 2 4 5 3 6 8 ; 11; 1 0 7 2 4 5 3 6 8 >
<0 4 7 1 5 8 2 3 6 ; 11; 1 4 7 0 5 8 2 3 6 >
<1 4 7 0 5 8 2 3 6 ; 11; 1 4 7 2 5 8 0 3 6 >
<1 4 7 2 5 8 0 3 6 ; 11; 1 4 7 2 5 8 3 0 6 >
<1 4 7 2 8 0 3 5 6 ; 11; 1 4 7 2 0 8 3 5 6 >
<1 4 7 0 2 8 3 5 6 ; 11; 1 4 7 2 0 8 3 5 6 >

